-0.98242776436382 0.0181328356266022 -0.185759864689317 0.0272655673325062 0.998535392718622 -0.0467279185540974 0.184640504478011 -0.0509716565720737 -0.981483374111122
-0.979630212605116 0.018132837023586 -0.199989246553741 0.0279404320754111 0.998535399165121 -0.046327551594004 0.198856306844391 -0.0509716591332108 -0.978702156498912
-0.976321548252599 0.0190837495028973 -0.215480642858893 0.0413465648889542 0.994199355161982 -0.099287299439311 0.212335956748575 -0.105845721438527 -0.971447367192013
0.213347673416138 -0.967903519980609 -0.132836703211069 -0.976711844094098 -0.208145380020142 -0.0520530305802822 0.0227329693734646 0.140848565846682 -0.989770147483796
-0.140055852476507 -0.111628016456962 -0.983831139397807 -0.0713845733553171 -0.989900650922209 0.122478818520904 -0.987567094969563 0.087384233251214 0.13067285483703
0.76196536142379 -0.156727865338326 0.628366876393557 -0.306760415434837 -0.941866404376924 0.137060225009918 0.57035655900836 -0.297193259000778 -0.765747564844787
0.753105052514002 0.0564363524317741 0.655475253239274 -0.24484271556139 -0.900705613894388 0.358861483633518 0.610643034800887 -0.430748723447323 -0.66450787265785
0.390685158316046 0.870950220152736 -0.298011422157288 0.909493329003453 -0.41518418258056 -0.0210703611373901 -0.142080873250961 -0.26280751824379 -0.954329730477184
0.569560743868351 0.204981178045273 0.795979619026184 -0.821164399385452 0.184216789901257 0.540142029523849 -0.0359138250350952 -0.961273699998856 0.273245878517628
0.78426936455071 -0.604906961321831 -0.137872844934464 0.47269244492054 0.726522905752063 -0.498724490404129 0.401849716901779 0.32596293091774 0.855724679306149
0.78566081635654 -0.594294644892216 -0.171903781592846 0.470774196088314 0.754592256620526 -0.457123748958111 0.401383467018604 0.278216369450092 0.872632158920169
0.00930934818461537 -0.967555723153055 0.252486273646355 -0.998269476927817 -0.0236541661433876 -0.0538385137915611 0.0580641180276871 -0.251548118889332 -0.966101511847228
-0.186379542457871 -0.00759083777666092 -0.982448547612876 -0.0907958224415779 -0.995557835209183 0.0249169319868088 -0.978273421991616 0.0938462242484093 0.18486238468904
-0.381841538648587 0.0184645168483257 -0.924043431528844 -0.0724864639341831 -0.997319118061569 0.0100247748196125 -0.921380982152186 0.0708085112273693 0.382156254549045
0.000993311405181885 0.83596932888031 -0.548775553703308 0.999212980270386 -0.0225932002067566 -0.0326083898544312 -0.0396581888198853 -0.548311173915863 -0.835333682596684
0.186639532214031 0.0831787213683128 0.978900905232877 0.149380631744862 -0.987226293655112 0.0554048754274845 0.971005205530673 0.13588809594512 -0.196680739754811
-0.0786215525149601 -0.0439811055548489 0.995933755650185 0.0310263405553997 -0.998650235400419 -0.0416517686098814 0.996421471820213 0.0276254583150148 0.0798800129414303
-0.976419090366107 0.0197073863819242 -0.214982661884278 0.0351488580927253 0.997049548735959 -0.0682416628114879 0.213003483135253 -0.0741888512857258 -0.974230823034304
