-198.894086575931,2.52555058815448,113.345821468959
