1.90789403503259
7.00781254712512
-2.2721529252177
