28.3811404163529,18.5292558872952,45.7476607976106
